1.064674924535527811e+00 1.930683244841861601e+00 1.000000000000000000e+00
1.080750548750247647e-01 1.016818659875251107e+00 0.000000000000000000e+00
-4.148256203372316375e-02 1.001250341544900779e+00 0.000000000000000000e+00
2.085049388926462299e+00 1.048846739674879958e+00 0.000000000000000000e+00
1.786232488638375138e+00 1.188324892371426467e+00 0.000000000000000000e+00
8.007600110373123137e-01 -2.219040754853474420e-02 1.000000000000000000e+00
2.086190188783928687e-02 7.957118092911434903e-01 0.000000000000000000e+00
1.883626971670720573e+00 1.018679661224393795e+00 0.000000000000000000e+00
9.637525827950382817e-01 2.007592959262813448e+00 1.000000000000000000e+00
1.790763009457597699e+00 1.024864354327528204e+00 0.000000000000000000e+00
9.053327364250782772e-01 1.545056292353034877e+00 1.000000000000000000e+00
2.040121969087545395e+00 1.013599953810854437e+00 0.000000000000000000e+00
1.044605594026380091e+00 2.028370360773201320e+00 1.000000000000000000e+00
6.840974882624806241e-02 9.634746372451985508e-01 0.000000000000000000e+00
1.158766860525197062e+00 8.740409101959588367e-02 1.000000000000000000e+00
1.019957787421900824e-01 1.187611204799277953e+00 0.000000000000000000e+00
8.137178365352256693e-01 1.853240385495364295e+00 1.000000000000000000e+00
8.905935934004329813e-01 -5.561808384718149034e-02 1.000000000000000000e+00
1.741880454318124549e+00 1.100258840020199580e+00 0.000000000000000000e+00
8.503194887225504761e-01 2.215487487384665943e+00 1.000000000000000000e+00
2.026789304848819917e+00 1.221329411042046953e+00 0.000000000000000000e+00
1.138430407322177818e+00 1.957749257804588083e+00 1.000000000000000000e+00
2.021143116560488284e+00 8.348246767825362458e-01 0.000000000000000000e+00
9.776431448413944181e-02 1.214016275672224809e+00 0.000000000000000000e+00
2.095920023081305761e+00 1.208259883730468554e+00 0.000000000000000000e+00
8.291890860511907935e-01 -7.696419187689364227e-02 1.000000000000000000e+00
-5.605970739949402148e-02 1.136542508712181876e+00 0.000000000000000000e+00
1.979975240652027013e+00 9.295533457533005084e-01 0.000000000000000000e+00
1.105065457322817357e+00 -3.048074994134113494e-02 1.000000000000000000e+00
2.747135396881782987e-01 8.362582532368428856e-01 0.000000000000000000e+00
2.324659101143990853e-02 7.804140318968122436e-01 0.000000000000000000e+00
1.949270824747560971e+00 1.080585599965315780e+00 0.000000000000000000e+00
-4.757802548083007316e-02 1.404232639585546449e+00 0.000000000000000000e+00
1.092520877592140227e+00 -2.898475227683382505e-01 1.000000000000000000e+00
1.121361409891111549e+00 1.991309946934029851e+00 1.000000000000000000e+00
1.946642408275145675e+00 9.177983272808212245e-01 0.000000000000000000e+00
1.931070010789108560e+00 1.092196289973285994e+00 0.000000000000000000e+00
9.633263899762791738e-01 1.876322788007857900e+00 1.000000000000000000e+00
1.080579871473218656e+00 1.958544352128236632e+00 1.000000000000000000e+00
-7.963761701058151565e-02 9.689208919588365720e-01 0.000000000000000000e+00
2.145160054844426956e+00 1.016769006320834556e+00 0.000000000000000000e+00
7.465106048303291053e-02 7.734238072193171387e-01 0.000000000000000000e+00
1.041662290019601533e+00 -3.407509382327748425e-03 1.000000000000000000e+00
2.368845985446386582e+00 1.255792008326852116e+00 0.000000000000000000e+00
2.123476825849681671e+00 1.118211178493752733e+00 0.000000000000000000e+00
1.759112928970292478e+00 1.044070817603477863e+00 0.000000000000000000e+00
9.081767123361814686e-01 -3.709473055103096328e-02 1.000000000000000000e+00
7.874966847854443230e-01 -3.160444285245649770e-02 1.000000000000000000e+00
-1.143369952455393877e-02 8.544544192214903466e-01 0.000000000000000000e+00
2.361474535466222269e-02 9.199772637877743353e-01 0.000000000000000000e+00
9.399011789691159580e-01 -2.003107682680867474e-01 1.000000000000000000e+00
-2.901113543606300693e-01 1.182507287798855389e+00 0.000000000000000000e+00
1.003269793875523730e+00 1.972454434819009839e+00 1.000000000000000000e+00
7.505940086310519677e-02 8.657126859068647873e-01 0.000000000000000000e+00
1.952153135247706839e+00 1.049874735240465151e+00 0.000000000000000000e+00
2.169358709392573026e+00 9.370521405663174708e-01 0.000000000000000000e+00
3.136964752420546426e-02 1.101602628289626962e+00 0.000000000000000000e+00
7.696581261963324596e-04 1.017748107220539211e+00 0.000000000000000000e+00
1.224824936779293383e+00 1.984145513992456866e+00 1.000000000000000000e+00
1.980394885205294608e+00 1.345194422477510088e+00 0.000000000000000000e+00
1.796108170650869473e+00 1.229875636396812189e+00 0.000000000000000000e+00
7.323052888984078468e-01 -2.468070234151166220e-01 1.000000000000000000e+00
1.140646053173275831e+00 2.070486330404796779e-02 1.000000000000000000e+00
9.128849317840929123e-01 2.130777886954702716e+00 1.000000000000000000e+00
2.022599340098811815e+00 9.992697409154543964e-01 0.000000000000000000e+00
-1.262802833548654913e-01 1.015245219009103028e+00 0.000000000000000000e+00
2.126713275230581957e+00 1.077962453453085168e+00 0.000000000000000000e+00
8.531981758297588758e-01 2.105230973223342961e+00 1.000000000000000000e+00
2.047465568633872302e+00 6.363560938142476253e-01 0.000000000000000000e+00
1.741877612410496656e+00 9.264787018927788109e-01 0.000000000000000000e+00
1.059381534220197763e+00 2.255498217974283293e-01 1.000000000000000000e+00
2.191811122501739373e+00 8.959295496030792449e-01 0.000000000000000000e+00
9.493883537060425759e-01 1.935739905110380077e+00 1.000000000000000000e+00
-7.056136099989304992e-04 1.119538918124983740e+00 0.000000000000000000e+00
8.752428489778469878e-01 1.566595942130880742e-02 1.000000000000000000e+00
8.437383566987310957e-01 4.558467549518952638e-02 1.000000000000000000e+00
-2.985550056204749544e-02 1.008561834042073668e+00 0.000000000000000000e+00
9.132409691222012071e-01 1.962692350227557725e+00 1.000000000000000000e+00
1.195950806406293143e+00 1.807952314161585805e-01 1.000000000000000000e+00
5.630994194642314349e-02 9.594589240890916138e-01 0.000000000000000000e+00
1.066955900653433265e+00 -1.243096730320227411e-01 1.000000000000000000e+00
9.828115849720246988e-01 9.723514617608386423e-02 1.000000000000000000e+00
1.119026554594099832e+00 5.858502735387850768e-02 1.000000000000000000e+00
2.069063272100193362e+00 1.250288239739185903e+00 0.000000000000000000e+00
9.973567623248354996e-01 1.887968500074496792e+00 1.000000000000000000e+00
1.146611206229097402e+00 2.200408847507601351e+00 1.000000000000000000e+00
1.154940606547789850e+00 1.212024858354441015e-01 1.000000000000000000e+00
6.105515578731927212e-02 8.477874260099262926e-01 0.000000000000000000e+00
2.112951269831123469e+00 1.005666893679062257e+00 0.000000000000000000e+00
9.878809322839511298e-01 1.971189804099806597e+00 1.000000000000000000e+00
2.061096940028870339e+00 1.094836622546355942e+00 0.000000000000000000e+00
2.318621400280794997e+00 9.038999480864606806e-01 0.000000000000000000e+00
1.763496102874550830e+00 9.153105692977436814e-01 0.000000000000000000e+00
9.301074251054306519e-01 2.073230868635669299e+00 1.000000000000000000e+00
7.201518564977491543e-01 3.193423593607692262e-02 1.000000000000000000e+00
2.118781334873600097e-01 1.188020949323992381e+00 0.000000000000000000e+00
-2.359909365042224885e-02 8.563481523892473302e-01 0.000000000000000000e+00
9.859211102452080100e-01 1.938496526044433343e+00 1.000000000000000000e+00
2.179808303464113806e+00 9.924087019520509978e-01 0.000000000000000000e+00
9.962399922556058884e-01 2.078523963254587326e+00 1.000000000000000000e+00
1.030559706657831143e+00 3.254038550257233597e-02 1.000000000000000000e+00
1.923703590074945513e+00 1.178188662985618640e+00 0.000000000000000000e+00
2.147626381627782077e+00 1.032008743002823747e+00 0.000000000000000000e+00
2.617543956700175978e-02 9.886592852618896199e-01 0.000000000000000000e+00
-2.729979992643649309e-02 1.145149400934407424e+00 0.000000000000000000e+00
1.297555210133108705e+00 1.843918105892516479e+00 1.000000000000000000e+00
8.605341974142040051e-01 1.658040973731083126e-02 1.000000000000000000e+00
1.025655808191665797e+00 -5.882586545120360721e-02 1.000000000000000000e+00
2.217246667684064754e+00 9.602819825854291835e-01 0.000000000000000000e+00
-1.322960130353443287e-01 1.081370997216379859e+00 0.000000000000000000e+00
-5.646515482249424289e-02 9.442195724268400703e-01 0.000000000000000000e+00
1.087837478237816180e+00 6.817744298037016655e-03 1.000000000000000000e+00
1.076088397220611892e+00 1.370396818561673159e-03 1.000000000000000000e+00
1.866777145583120801e+00 8.691366231243028428e-01 0.000000000000000000e+00
-9.274642965317952958e-02 1.052353740296520401e+00 0.000000000000000000e+00
-1.637329279570446661e-01 1.029881844130495328e+00 0.000000000000000000e+00
1.214102948729716802e+00 1.889147349179842283e+00 1.000000000000000000e+00
2.012796808360164835e+00 1.164117213307405141e+00 0.000000000000000000e+00
5.371183835548461443e-04 9.299190904309937444e-01 0.000000000000000000e+00
2.042604627420605556e+00 9.934725868645056801e-01 0.000000000000000000e+00
-4.950962369881229536e-02 1.234654462852402546e+00 0.000000000000000000e+00
1.093449243126470627e+00 -2.159481185878056320e-01 1.000000000000000000e+00
1.448189801311385860e-01 1.011419989824572152e+00 0.000000000000000000e+00
2.014783275181967204e-01 1.176053354437694098e+00 0.000000000000000000e+00
-1.314048515100503800e-01 9.992454485176216483e-01 0.000000000000000000e+00
1.208243685527607081e+00 1.974487924828335572e+00 1.000000000000000000e+00
1.139294360651779803e+00 1.997696898150526534e+00 1.000000000000000000e+00
2.003238999420557498e+00 1.073904801089752059e+00 0.000000000000000000e+00
9.312990559293864434e-01 -1.076790659952760187e-02 1.000000000000000000e+00
8.944027426733645036e-01 1.861474825041973702e+00 1.000000000000000000e+00
9.163950478029563307e-01 1.776976242985698784e+00 1.000000000000000000e+00
9.928417149861140656e-01 -2.374844520588545727e-01 1.000000000000000000e+00
5.659957485491194928e-01 -1.906627824240885172e-01 1.000000000000000000e+00
7.702163530854564399e-01 1.359372141824864155e-01 1.000000000000000000e+00
-2.631339026499374123e-01 8.498662359962307900e-01 0.000000000000000000e+00
1.167673594001286563e+00 2.063699474531043965e+00 1.000000000000000000e+00
1.935926782037765692e+00 1.078709454853665317e+00 0.000000000000000000e+00
2.058234379026743444e+00 9.691889493503547115e-01 0.000000000000000000e+00
2.101190026697280722e+00 9.834507875606723903e-01 0.000000000000000000e+00
1.339176732041627238e+00 2.134807074384323489e+00 1.000000000000000000e+00
8.709386794710920199e-02 1.144057899880254636e+00 0.000000000000000000e+00
1.899407010438232346e+00 9.615615139624726915e-01 0.000000000000000000e+00
1.261342425685827662e+00 -7.906125554650764164e-02 1.000000000000000000e+00
9.591865122440650371e-01 -9.257709841339752110e-02 1.000000000000000000e+00
2.061855571402968490e+00 1.135171551174277038e+00 0.000000000000000000e+00
1.444779856661359829e-01 9.760108858347422700e-01 0.000000000000000000e+00
1.983144188584802681e+00 1.068737312627880964e+00 0.000000000000000000e+00
9.633706425401056261e-01 2.040670487052376192e+00 1.000000000000000000e+00
2.186320343708976210e+00 1.080374395315211844e+00 0.000000000000000000e+00
1.016927240221260575e+00 1.998955940791892427e+00 1.000000000000000000e+00
1.946736368812692852e+00 8.311963298784289522e-01 0.000000000000000000e+00
1.084030518480855632e+00 1.935118402130631354e+00 1.000000000000000000e+00
9.326875509318051094e-01 1.911608229759306443e+00 1.000000000000000000e+00
8.607829689993634625e-01 -2.164320909910734045e-02 1.000000000000000000e+00
2.128896955070057828e+00 1.105449358974692986e+00 0.000000000000000000e+00
8.592531210922489393e-01 1.876630124319475623e+00 1.000000000000000000e+00
2.107185573705901316e+00 1.013710683884263553e+00 0.000000000000000000e+00
-4.694286851518845310e-02 9.420897246895499899e-01 0.000000000000000000e+00
6.541328743391255918e-02 1.136017340835650202e+00 0.000000000000000000e+00
1.075833243410788571e-02 1.054901088834325096e+00 0.000000000000000000e+00
8.096486519579200181e-01 2.080499321656665401e+00 1.000000000000000000e+00
4.852799971548633212e-02 8.205711331274326836e-01 0.000000000000000000e+00
3.316771417286173418e-01 9.616090074653217412e-01 0.000000000000000000e+00
9.062795936021047494e-01 1.322975004423051493e-01 1.000000000000000000e+00
-8.308464606787786810e-02 1.006821473696211333e+00 0.000000000000000000e+00
2.147700897992654401e+00 1.048090014031448858e+00 0.000000000000000000e+00
1.037904980542285971e+00 2.073076306711667982e+00 1.000000000000000000e+00
1.139929599503003210e+00 -2.211226083272086473e-01 1.000000000000000000e+00
-1.591398667033192826e-01 9.956947699789157058e-01 0.000000000000000000e+00
1.209004748184645983e+00 2.175222075893373574e+00 1.000000000000000000e+00
1.073473737426219987e+00 1.152872427560598934e-01 1.000000000000000000e+00
9.501707708094686566e-01 2.013999063810112400e+00 1.000000000000000000e+00
1.143814077885845659e+00 2.025458330734115631e+00 1.000000000000000000e+00
1.879117310840969779e+00 1.027721100140476906e+00 0.000000000000000000e+00
8.988379873564137368e-01 1.696709375353573079e-01 1.000000000000000000e+00
2.115063030665783828e+00 1.167341022717586441e+00 0.000000000000000000e+00
1.108702364434871246e+00 2.225945008640493938e+00 1.000000000000000000e+00
1.085133658824090741e+00 2.041602322190221308e+00 1.000000000000000000e+00
-3.625757190323517648e-02 8.143426388960858242e-01 0.000000000000000000e+00
9.529601687343114413e-01 2.184040887253244634e+00 1.000000000000000000e+00
2.188270755245997901e-01 9.363481508641289253e-01 0.000000000000000000e+00
-1.849040739196673999e-01 9.772328684330945370e-01 0.000000000000000000e+00
9.201088710934629544e-01 2.112531740637660249e+00 1.000000000000000000e+00
9.703717186200553346e-01 -8.643947711986603444e-02 1.000000000000000000e+00
8.616493104130951153e-01 -5.967568699855227421e-02 1.000000000000000000e+00
1.006399306618054990e+00 1.801205906118142686e+00 1.000000000000000000e+00
-5.434111057855487564e-02 1.064668267770201959e+00 0.000000000000000000e+00
1.094636975938523937e+00 -3.509638873666990483e-02 1.000000000000000000e+00
1.731649421717446069e+00 8.663163287578754534e-01 0.000000000000000000e+00
1.723288285463957237e-02 9.554015286025102638e-01 0.000000000000000000e+00
1.299394761603875903e+00 2.065506927300334805e+00 1.000000000000000000e+00
9.074903277148487213e-01 1.301491143420036023e-01 1.000000000000000000e+00
2.031362368993069989e+00 1.167658949706913196e+00 0.000000000000000000e+00
7.126532293203323709e-01 2.048850131452687240e+00 1.000000000000000000e+00
9.906282144489022556e-01 2.054161727214642852e+00 1.000000000000000000e+00
1.999220747988809554e+00 9.000566176900047788e-01 0.000000000000000000e+00
1.222095677476265019e+00 3.224812531747572181e-02 1.000000000000000000e+00
3.566775909153897112e-02 9.463908176340999345e-01 0.000000000000000000e+00
9.996925347412273233e-01 -9.210046896275434457e-04 1.000000000000000000e+00
1.135744768508769820e+00 -5.929301124838557563e-02 1.000000000000000000e+00
7.215636358516062110e-01 1.902649043457950606e+00 1.000000000000000000e+00
2.006543120398335267e-01 9.850172365403055963e-01 0.000000000000000000e+00
1.959287547919193573e+00 8.859847039963429927e-01 0.000000000000000000e+00
9.943782964103073940e-01 -1.616406641427383939e-01 1.000000000000000000e+00
1.890931434128011679e+00 8.684727136761301036e-01 0.000000000000000000e+00
1.506242252026001593e-01 9.242213956987863632e-01 0.000000000000000000e+00
1.719887041875759692e+00 1.030802416203989935e+00 0.000000000000000000e+00
9.124315898695311011e-01 2.037092749042290762e+00 1.000000000000000000e+00
1.193011285369909746e+00 2.273617685355066698e+00 1.000000000000000000e+00
9.377788217936318116e-01 2.052924501387954237e+00 1.000000000000000000e+00
7.982663016560800351e-01 -1.631016074636437371e-02 1.000000000000000000e+00
1.262736039258296694e+00 1.987222090543029118e+00 1.000000000000000000e+00
1.016717801732903270e+00 1.884090930943857378e+00 1.000000000000000000e+00
4.454851898495277435e-03 1.080110385814096796e+00 0.000000000000000000e+00
3.740934302306676840e-02 8.600368268274619643e-01 0.000000000000000000e+00
1.128653409078074210e+00 2.038183180495499069e+00 1.000000000000000000e+00
-1.332920565029622854e-02 1.130584785911374901e+00 0.000000000000000000e+00
-1.494362974205978023e-01 1.144289671029768085e+00 0.000000000000000000e+00
1.899817399042057264e+00 8.309908234441265584e-01 0.000000000000000000e+00
1.077196574135627527e+00 1.960323385316437017e+00 1.000000000000000000e+00
1.077740752478560715e+00 2.053428672735281513e+00 1.000000000000000000e+00
1.949717595801574888e+00 9.302732614149149537e-01 0.000000000000000000e+00
1.000719631627489337e+00 -7.189597504747446965e-02 1.000000000000000000e+00
1.302104091613768944e+00 2.169359159945122073e+00 1.000000000000000000e+00
9.502875045898768747e-01 -7.407157785585127829e-02 1.000000000000000000e+00
8.262980077097008547e-01 2.009267368939054776e+00 1.000000000000000000e+00
-1.336848523827560420e-01 8.402977869900590813e-01 0.000000000000000000e+00
2.008800359033304339e+00 1.151083545279851350e+00 0.000000000000000000e+00
5.725450318983164172e-02 9.484869974610186105e-01 0.000000000000000000e+00
9.006282571595050079e-01 -8.973638213972099514e-03 1.000000000000000000e+00
9.863803665832751033e-01 1.893114340002636009e+00 1.000000000000000000e+00
1.063006126739158397e+00 1.521675625084037593e-02 1.000000000000000000e+00
7.552873976587944904e-01 -1.558795477209721884e-02 1.000000000000000000e+00
-4.034555760735918789e-02 1.131595265378870341e+00 0.000000000000000000e+00
-6.573136469868812171e-02 1.150178580693655972e+00 0.000000000000000000e+00
3.115420437634507100e-02 8.370045179395370072e-01 0.000000000000000000e+00
8.151845856338749696e-01 -8.157860756647206113e-03 1.000000000000000000e+00
9.913501179251046347e-01 -1.293195839909718481e-01 1.000000000000000000e+00
8.056257097791846844e-01 2.022126671914719953e+00 1.000000000000000000e+00
1.215768216471054597e+00 -1.734085794226442739e-02 1.000000000000000000e+00
7.864495473363923850e-01 -1.040008471584988048e-01 1.000000000000000000e+00
1.092641440239833006e+00 2.044344376354525039e+00 1.000000000000000000e+00
-1.629238638267452022e-01 1.211125232685025033e+00 0.000000000000000000e+00
2.306802849848985204e+00 1.023892967681019783e+00 0.000000000000000000e+00
1.281215615607266163e-02 1.129208237804183224e+00 0.000000000000000000e+00
1.883730133270701268e+00 9.821343683455415752e-01 0.000000000000000000e+00
2.052552495538618071e+00 8.601051631448226598e-01 0.000000000000000000e+00
9.380593094335076820e-01 1.858318898855655377e-01 1.000000000000000000e+00
2.134313078373843986e+00 8.960924225519046882e-01 0.000000000000000000e+00
1.077885022384988956e+00 -1.027790223077510723e-01 1.000000000000000000e+00
1.272599334786872205e-01 1.025532908222424933e+00 0.000000000000000000e+00
1.962297227963988089e+00 1.096951380128780018e+00 0.000000000000000000e+00
-5.626115572372007018e-02 7.408057936626608608e-01 0.000000000000000000e+00
1.123113656956456818e+00 2.047852387341979608e+00 1.000000000000000000e+00
8.803126306791777544e-01 -1.062449205383383805e-01 1.000000000000000000e+00
1.249801359932371625e+00 5.927584982360446092e-02 1.000000000000000000e+00
8.858598071193681811e-01 9.665455034192092787e-02 1.000000000000000000e+00
9.095020141569660765e-01 -1.677701354681670476e-01 1.000000000000000000e+00
9.795123243372285682e-01 6.512690914544420895e-02 1.000000000000000000e+00
9.503591098561666728e-01 2.020508413872069031e+00 1.000000000000000000e+00
1.091064790393244444e+00 1.114769693334541067e-01 1.000000000000000000e+00
-1.751447668910750821e-01 1.019659022907502877e+00 0.000000000000000000e+00
8.272060740466415929e-01 -2.573767901383560222e-02 1.000000000000000000e+00
9.293299141864242996e-01 -1.130202228532836556e-01 1.000000000000000000e+00
-1.274580574833317770e-01 9.084998228783390806e-01 0.000000000000000000e+00
-3.517091983721202381e-02 1.108566565813665861e+00 0.000000000000000000e+00
1.668752377470328896e-01 1.089818000098628392e+00 0.000000000000000000e+00
-1.875688137698837965e-01 1.026314507607639648e+00 0.000000000000000000e+00
-1.589679025302160598e-01 1.034182830548083798e+00 0.000000000000000000e+00
1.178857190868324079e+00 2.125132298908878781e+00 1.000000000000000000e+00
-9.292302800137855479e-02 1.162248267514605526e+00 0.000000000000000000e+00
1.162616897283908601e+00 1.687658709045756211e-01 1.000000000000000000e+00
8.258732041086831455e-01 1.851084632120575835e+00 1.000000000000000000e+00
1.776390839319115234e-01 1.118269347073436393e+00 0.000000000000000000e+00
8.517845631510998494e-01 1.983093645195058485e+00 1.000000000000000000e+00
2.035794334338062672e+00 8.899689583372749624e-01 0.000000000000000000e+00
1.852959638160669664e+00 1.179667459734988544e+00 0.000000000000000000e+00
1.030274265778121423e+00 -1.191349552703544618e-01 1.000000000000000000e+00
-6.181607276355276237e-02 8.083374516360970485e-01 0.000000000000000000e+00
8.949497529298842124e-01 2.437761621472235074e+00 1.000000000000000000e+00
1.896269489421116283e+00 1.084057851317765220e+00 0.000000000000000000e+00
7.401164246423171944e-01 1.862029379884383218e+00 1.000000000000000000e+00
1.068172393766980699e+00 1.901465650341367830e+00 1.000000000000000000e+00
2.175175005914931514e+00 8.499344234704333534e-01 0.000000000000000000e+00
1.940756812385267205e+00 1.107294068377382423e+00 0.000000000000000000e+00
3.317993244401130915e-02 1.118919485203591524e+00 0.000000000000000000e+00
2.258045743116825044e+00 8.712219996930701260e-01 0.000000000000000000e+00
1.174000362600635006e+00 1.855767673377152871e+00 1.000000000000000000e+00
2.015796976352418390e+00 1.074285017780699070e+00 0.000000000000000000e+00
1.343038595986686623e+00 1.832229418018900713e+00 1.000000000000000000e+00
9.664563763651359274e-01 1.246872097673569768e-01 1.000000000000000000e+00
1.085578002354276483e+00 2.574394349464799725e-01 1.000000000000000000e+00
1.147675356024394855e+00 2.136969283254556373e+00 1.000000000000000000e+00
2.099477537866762944e+00 1.188456567328775249e+00 0.000000000000000000e+00
1.222344921979285459e+00 1.743586060139836191e-01 1.000000000000000000e+00
1.958893316779254157e+00 7.339941275287538147e-01 0.000000000000000000e+00
1.891983346261356225e+00 1.006895999706521438e+00 0.000000000000000000e+00
2.004774849739289433e+00 7.337055697933483334e-01 0.000000000000000000e+00
2.003084899646762729e+00 9.754176302306689639e-01 0.000000000000000000e+00
9.350682042913456282e-01 1.975052549890671694e+00 1.000000000000000000e+00
7.911841574314577574e-01 1.901001486839428267e+00 1.000000000000000000e+00
8.679975594675398698e-01 2.165324419553774415e+00 1.000000000000000000e+00
1.191885700379974544e+00 2.033969713391999168e+00 1.000000000000000000e+00
1.812869210428083688e+00 9.928318488796024077e-01 0.000000000000000000e+00
9.653678602246639207e-01 1.956913426813992538e-02 1.000000000000000000e+00
2.187205734458230744e+00 1.196103328673942645e+00 0.000000000000000000e+00
9.231316974978616141e-01 -1.533143006564385846e-01 1.000000000000000000e+00
7.782166889632369244e-02 1.085850023053085422e+00 0.000000000000000000e+00
1.013003123878427836e+00 -2.948653821927869623e-01 1.000000000000000000e+00
6.935815473154888222e-02 8.695696519305419203e-01 0.000000000000000000e+00
9.509891124722762434e-01 1.286117918782861413e-01 1.000000000000000000e+00
1.833836192986638913e+00 8.230360578282067685e-01 0.000000000000000000e+00
-9.809287861779307505e-02 7.314539058805359373e-01 0.000000000000000000e+00
1.079445354999923889e+00 2.216906156365990643e+00 1.000000000000000000e+00
1.859936962978851360e+00 1.122797427493661848e+00 0.000000000000000000e+00
1.135571166807410215e+00 1.466753379016252079e-01 1.000000000000000000e+00
1.015385226503875193e+00 6.726824807697941166e-02 1.000000000000000000e+00
9.734112140051207618e-01 1.845508584893695847e+00 1.000000000000000000e+00
1.744127822438471975e+00 1.176244451126260637e+00 0.000000000000000000e+00
1.886510748600779053e+00 8.792274904377099798e-01 0.000000000000000000e+00
-1.162184530890770645e-01 1.116540696961059620e+00 0.000000000000000000e+00
1.096721710189887178e+00 2.301244045166040308e+00 1.000000000000000000e+00
2.099448867899353033e+00 1.004262850810933028e+00 0.000000000000000000e+00
1.717409256291459796e+00 9.295360574772906226e-01 0.000000000000000000e+00
1.853322118555225551e+00 1.096820053359236047e+00 0.000000000000000000e+00
-3.492368887145902989e-01 1.183266085952230373e+00 0.000000000000000000e+00
2.016768653640503839e+00 9.581011360043574232e-01 0.000000000000000000e+00
1.008380156614025358e+00 2.291537363314705367e+00 1.000000000000000000e+00
9.289216803179012327e-01 1.885187324878655035e+00 1.000000000000000000e+00
1.825782226928411189e+00 9.344777430218719205e-01 0.000000000000000000e+00
2.121024524215631146e+00 1.050313728483003084e+00 0.000000000000000000e+00
1.952457490860128875e+00 9.512389965542323855e-01 0.000000000000000000e+00
-9.863096554648859149e-02 1.037060557517361259e+00 0.000000000000000000e+00
1.144234662213477360e+00 1.958518667084749199e+00 1.000000000000000000e+00
1.120302194603798096e+00 1.963051686789060835e+00 1.000000000000000000e+00
9.999719313772156282e-01 -1.453546015828342808e-01 1.000000000000000000e+00
1.033178419226277622e+00 1.793279936877794301e+00 1.000000000000000000e+00
7.738984632836305444e-01 -4.061700994186181329e-02 1.000000000000000000e+00
1.290585493085641300e+00 2.333079617647245918e+00 1.000000000000000000e+00
1.376688199840770288e+00 1.700942958574790387e+00 1.000000000000000000e+00
9.277568509449424239e-01 -4.103034959378517449e-02 1.000000000000000000e+00
1.756583796001954037e-02 1.025542568862662485e+00 0.000000000000000000e+00
1.114080516762732787e+00 2.071615753827217077e+00 1.000000000000000000e+00
1.119195495063741497e+00 -9.342916113446073437e-03 1.000000000000000000e+00
5.947715730251929706e-02 9.472127726724393071e-01 0.000000000000000000e+00
-1.080041154223754934e-01 7.917292648747763506e-01 0.000000000000000000e+00
1.037491468665073580e+00 -1.960976654207200187e-01 1.000000000000000000e+00
7.521431387154806081e-02 7.670873120257947209e-01 0.000000000000000000e+00
-3.011905927555934559e-01 8.838383020268432144e-01 0.000000000000000000e+00
9.971357124551776252e-01 1.964187767524915751e+00 1.000000000000000000e+00
2.265520544232635380e+00 1.058128887594569134e+00 0.000000000000000000e+00
6.908909260043095690e-01 -6.378279878576938178e-02 1.000000000000000000e+00
7.395643625662340348e-01 -1.303307477540076482e-02 1.000000000000000000e+00
8.390317069445561993e-01 2.230092273866815411e+00 1.000000000000000000e+00
1.961223897667185190e+00 8.750037176356270097e-01 0.000000000000000000e+00
1.261529680062890291e-01 1.013517866778669063e+00 0.000000000000000000e+00
-1.821640533159586406e-01 1.014550924989999325e+00 0.000000000000000000e+00
1.861136298079977491e+00 8.392619673175480965e-01 0.000000000000000000e+00
1.132332623833703256e+00 -1.425802205332117878e-01 1.000000000000000000e+00
1.270911474237086114e-01 8.352063029894138957e-01 0.000000000000000000e+00
8.942728045924448477e-01 2.072627868457554534e+00 1.000000000000000000e+00
1.935005492194531884e+00 1.006862989668897868e+00 0.000000000000000000e+00
5.471661967463972709e-03 1.172339322498751946e+00 0.000000000000000000e+00
1.014004506305962838e+00 2.107215751282083716e+00 1.000000000000000000e+00
-6.645931461814959251e-02 1.104521730752317632e+00 0.000000000000000000e+00
8.706941018369093177e-01 1.979143737475179465e+00 1.000000000000000000e+00
8.402181107857060738e-01 -3.019073846255785828e-02 1.000000000000000000e+00
-1.038625204471533003e-01 1.004119139186115728e+00 0.000000000000000000e+00
-2.374703304190577957e-01 1.069627549249619225e+00 0.000000000000000000e+00
6.103283822402434389e-01 9.558741989676645956e-02 1.000000000000000000e+00
2.187793948522388288e+00 1.077135238759460378e+00 0.000000000000000000e+00
2.530739031544471662e-01 1.124068622783682248e+00 0.000000000000000000e+00
1.028582853633865923e+00 2.013887472895222075e+00 1.000000000000000000e+00
1.980619764867760146e+00 1.188303010756561529e+00 0.000000000000000000e+00
1.051088906049914895e+00 -6.250021927094030760e-02 1.000000000000000000e+00
1.054708624369417258e+00 1.386954248079924623e-01 1.000000000000000000e+00
9.643895430101184774e-01 2.108052192133245129e+00 1.000000000000000000e+00
1.099818761514645304e+00 2.139855838415377853e+00 1.000000000000000000e+00
9.572066915782976304e-01 6.843992994631356575e-02 1.000000000000000000e+00
1.021903145661346324e+00 6.251108617888067112e-03 1.000000000000000000e+00
6.901389889939524291e-01 4.753449280117518633e-02 1.000000000000000000e+00
1.850951102533759496e+00 9.063362417460963938e-01 0.000000000000000000e+00
8.875007544428923367e-01 1.447233258321744542e-01 1.000000000000000000e+00
1.124071875407674170e+00 -9.099852438363197071e-02 1.000000000000000000e+00
9.128925184001399629e-01 -9.760148555433281747e-02 1.000000000000000000e+00
4.048843529984313266e-02 1.015531508910762604e+00 0.000000000000000000e+00
1.193467910511317953e+00 1.463653768610946593e-01 1.000000000000000000e+00
1.759544800495339567e-01 1.052038388370388988e+00 0.000000000000000000e+00
1.196705888207587387e+00 2.756098155041682499e-02 1.000000000000000000e+00
-2.273951204912597751e-02 1.081093780883882305e+00 0.000000000000000000e+00
1.936457535456050927e+00 9.502763722630309662e-01 0.000000000000000000e+00
8.721456001712479811e-01 1.833182074848294443e-02 1.000000000000000000e+00
-6.098640354821108917e-02 9.853756245224036814e-01 0.000000000000000000e+00
8.606082879000980235e-01 2.917418918690501892e-02 1.000000000000000000e+00
8.577795906556260341e-01 2.088027012379514158e+00 1.000000000000000000e+00
1.012099190767423718e+00 1.743310569044152825e+00 1.000000000000000000e+00
1.823672671207247076e+00 1.073219700914158858e+00 0.000000000000000000e+00
1.115465746611925102e+00 -2.725287675935929646e-02 1.000000000000000000e+00
7.388394321188561653e-01 1.903789963383736072e+00 1.000000000000000000e+00
1.042572336811546485e+00 2.093399994577930023e+00 1.000000000000000000e+00
